<?xml version="1.0"?>
<opencv_storage>
<imageSize>
  512 512</imageSize>
<boardSize>
  11 8</boardSize>
<square_size>15.</square_size>
<intrinsic_matrix type_id="opencv-matrix">
  <rows>3</rows>
  <cols>3</cols>
  <dt>d</dt>
  <data>
    4.4264701035928323e+02 0. 2.5517955103306102e+02 0.
    4.4252991675415007e+02 2.5534250841447488e+02 0. 0. 1.</data></intrinsic_matrix>
<distortion_matrix type_id="opencv-matrix">
  <rows>1</rows>
  <cols>5</cols>
  <dt>d</dt>
  <data>
    2.1168765891778694e-03 -1.5157794844070822e-02
    -7.4765898499944348e-05 2.3085644008174764e-04
    3.2057042595482615e-02</data></distortion_matrix>
<R type_id="opencv-matrix">
  <rows>1</rows>
  <cols>3</cols>
  <dt>d</dt>
  <data>
    8.8743504363419670e-02 -4.3610618761347736e-01
    5.3458778198668573e-02</data></R>
<T type_id="opencv-matrix">
  <rows>1</rows>
  <cols>3</cols>
  <dt>d</dt>
  <data>
    -3.8174805618934997e+01 -4.5501396331419194e+01
    1.7331971624573342e+02</data></T>
</opencv_storage>
