<?xml version="1.0"?>
<opencv_storage>
<T_cam2gripper type_id="opencv-matrix">
  <rows>4</rows>
  <cols>4</cols>
  <dt>d</dt>
  <data>
    9.9975832968024714e-01 1.2645595428746668e-04 2.1983317398731925e-02
    1.0881032561519295e-03 -5.4753824410600613e-05
    9.9999467740689174e-01 -3.2622323499619924e-03
    -1.5986419358237908e-01 -2.1983612919183153e-02
    3.2602402945259988e-03 9.9975301529739879e-01
    -3.6471012565319871e-02 0. 0. 0. 1.</data></T_cam2gripper>
<R_cam2gripper type_id="opencv-matrix">
  <rows>3</rows>
  <cols>3</cols>
  <dt>d</dt>
  <data>
    9.9975832968024714e-01 1.2645595428746668e-04 2.1983317398731925e-02
    -5.4753824410600613e-05 9.9999467740689174e-01
    -3.2622323499619924e-03 -2.1983612919183153e-02
    3.2602402945259988e-03 9.9975301529739879e-01</data></R_cam2gripper>
<t_cam2gripper type_id="opencv-matrix">
  <rows>3</rows>
  <cols>1</cols>
  <dt>d</dt>
  <data>
    1.0881032561519295e-03 -1.5986419358237908e-01
    -3.6471012565319871e-02</data></t_cam2gripper>
<T_gripper2cam type_id="opencv-matrix">
  <rows>4</rows>
  <cols>4</cols>
  <dt>d</dt>
  <data>
    9.9975832968024769e-01 -5.4753824410504567e-05
    -2.1983612919183181e-02 -1.8983580928816860e-03
    1.2645595428756404e-04 9.9999467740689185e-01 3.2602402945260587e-03
    1.5998210935793608e-01 2.1983317398731928e-02
    -3.2622323499619335e-03 9.9975301529739957e-01
    3.5916570519980290e-02 0. 0. 0. 1.</data></T_gripper2cam>
<num_images>10</num_images>
<method>ANDREFF</method>
<square_size>1.4999999664723873e-02</square_size>
<board_width>11</board_width>
<board_height>8</board_height>
<avg_error_mm>2.2313505258404724e+00</avg_error_mm>
</opencv_storage>
